0.050 0.834
0.850 0.830
0.1875 0.1667 0.050 0.332
0.1875 0.250 0.050 0.750
0.050 0.666 0.100 0.083
0.100 0.250 0.100 0.416
0.100 0.666 0.150 0.165
0.200 0.083 0.150 0.666
0.200 0.332 0.200 0.250
0.200 0.416 0.200 0.666
0.200 0.583 0.200 0.833
0.350 0.165 0.350 0.083
0.350 0.250 0.350 0.332
0.350 0.750 0.350 0.416
0.350 0.833 0.350 0.583
0.400 0.250 0.350 0.666
0.400 0.750 0.400 0.583
0.450 0.583 0.400 0.833
0.500 0.083 0.450 0.165
0.500 0.583 0.450 0.332
0.500 0.833 0.450 0.833
0.650 0.583 0.500 0.416
0.700 0.165 0.650 0.083
0.750 0.332 0.700 0.750
0.750 0.416 0.700 0.833
0.750 0.666 0.750 0.250
0.750 0.750 0.750 0.583
0.900 0.250 0.800 0.165